4294967279,314
4294967294,479
4294967279,313
4294967278,319
4294967279,312
4294967278,320
4294967279,311
4294967278,318
4294967278,317
4294967278,316
4294967279,308
4294967279,300
4294967279,182
4294967279,547
4294967294,997
4294967294,1092
4294967294,1014
4294967294,999
4294967294,162
4294967278,176
4294967294,1004
4294967279,176
4294967278,175
4294967278,170
4294967279,170
4294967278,169
4294967294,478
4294967278,387
4294967278,163
4294967278,252
4294967278,239
4294967278,367
4294967278,225
4294967278,219
4294967278,366
4294967278,365
4294967278,321
4294967278,5
4294967278,4
4294967279,132
4294967279,131
4294967279,130
4294967279,129
4294967279,127
4294967279,126
4294967279,125
4294967279,124
4294967279,122
4294967279,121
4294967279,118
4294967279,117
4294967279,116
4294967279,112
4294967279,110
4294967279,104
4294967279,102
4294967279,101
4294967279,559
4294967279,309
4294967279,310
4294967278,340
4294967279,291
4294967294,30
4294967294,1167
4294967294,1166
4294967294,1164
4294967294,1163
4294967294,1158
4294967294,1019
4294967294,992
4294967294,990
4294967294,989
4294967294,988
4294967294,987
4294967294,60
4294967294,1091
4294967294,1008
4294967294,1006
4294967294,996
4294967294,161
4294967278,386
4294967279,320
4294967278,141
4294967279,140
4294967279,272
4294967278,290
4294967278,289
4294967279,284
4294967278,335
85,5
85,4
85,3
85,2
85,1
4294967279,279
4294967294,437
4294967279,545
4294967278,266
4294967279,280
4294967278,334
4294967294,1420
4294967279,519
4294967279,128
4294967279,252
4294967279,512
82,4
82,3
82,2
82,1
4294967279,259
4294967279,123
4294967278,251
81,6
4294967279,119
4294967279,120
4294967279,246
81,5
81,4
81,3
81,2
81,1
4294967278,234
4294967279,114
4294967278,235
4294967279,235
80,5
4294967278,232
80,4
80,3
80,2
80,1
4294967279,105
4294967279,220
4294967279,217
79,5
79,4
79,3
79,2
79,1
4294967279,575
4294967278,315
4294967279,96
4294967294,395
4294967294,409
4294967294,399
4294967294,178
4294967294,420
4294967294,183
4294967294,167
4294967294,444
4294967294,411
4294967294,108
4294967294,465
4294967279,316
78,5
78,4
78,3
78,2
78,1
4294967279,204
4294967279,200
76,4
76,3
76,2
76,1
4294967278,193
4294967278,191
4294967279,189
4294967279,557
4294967279,306
4294967294,392
4294967278,311
4294967278,186
4294967279,304
4294967279,303
4294967278,307
4294967279,181
4294967278,179
4294967278,178
4294967278,305
4294967279,175
4294967279,295
4294967278,171
4294967279,556
4294967279,555
4294967279,168
4294967279,554
4294967278,364
4294967278,363
4294967278,165
4294967279,165
4294967278,164
4294967279,529
4294967278,385
4294967278,301
4294967278,161
4294967279,161
4294967294,12
4294967278,160
4294967279,160
4294967278,159
4294967279,159
4294967278,158
4294967279,158
4294967278,157
4294967279,157
4294967278,150
4294967278,149
4294967279,288
4294967278,292
4294967279,142
4294967279,549
4294967278,384
74,5
4294967278,139
74,4
4294967279,138
74,3
74,2
74,1
4294967278,138
4294967279,136
4294967279,137
4294967278,137
4294967279,286
4294967278,136
4294967279,135
4294967278,135
4294967279,134
4294967278,134
4294967294,1095
4294967279,268
4294967278,288
4294967279,266
4294967278,286
4294967279,522
4294967278,272
4294967279,546
4294967278,271
4294967294,89
4294967278,265
4294967278,280
4294967278,264
4294967279,518
4294967294,393
4294967279,255
4294967278,278
4294967279,253
71,4
71,3
71,2
71,1
4294967278,353
4294967278,256
70,6
4294967279,544
4294967278,354
70,5
4294967279,543
70,4
70,3
70,2
70,1
4294967279,250
4294967294,120
4294967294,1005
4294967294,118
4294967294,410
4294967294,111
4294967294,160
4294967278,249
4294967278,247
69,5
69,4
69,3
69,2
69,1
4294967279,240
4294967278,240
4294967278,383
4294967294,477
4294967279,238
4294967279,231
4294967279,229
68,5
68,4
68,3
68,2
68,1
4294967279,224
4294967278,223
4294967294,1001
4294967294,186
4294967294,1000
4294967294,390
4294967294,388
4294967294,387
4294967278,218
4294967279,216
67,5
67,4
67,3
67,2
67,1
4294967279,212
4294967294,468
4294967278,208
4294967278,325
4294967278,382
4294967279,540
4294967278,205
4294967279,539
4294967279,315
4294967279,202
65,4
4294967278,201
65,3
65,2
65,1
4294967279,201
4294967278,200
4294967294,389
4294967294,114
4294967278,37
4294967278,36
4294967278,35
4294967278,34
4294967278,33
4294967278,32
4294967278,31
4294967278,30
4294967278,29
4294967278,28
4294967278,27
4294967278,26
4294967278,25
4294967278,24
4294967278,23
4294967278,22
4294967278,21
4294967278,20
4294967278,19
4294967278,18
4294967278,17
4294967278,16
4294967278,15
4294967278,14
4294967278,13
4294967278,12
4294967278,11
4294967278,10
4294967278,9
4294967278,8
4294967278,7
4294967278,6
4294967279,22
4294967279,21
4294967279,19
4294967279,18
4294967279,17
4294967279,16
4294967279,15
4294967279,12
4294967294,1175
4294967278,195
64,4
4294967279,195
64,3
64,2
64,1
4294967278,194
4294967279,194
4294967279,192
4294967294,11
4294967279,534
4294967279,305
4294967278,310
4294967294,424
4294967279,302
4294967278,308
4294967279,301
4294967278,381
4294967278,180
4294967279,180
4294967279,177
4294967279,179
4294967279,178
4294967278,177
0,7
4294967278,173
4294967294,44
4294967279,171
4294967294,91
4294967294,90
4294967294,87
4294967294,86
4294967294,1017
4294967294,53
4294967294,1173
4294967294,1
4294967294,45
4294967294,427
4294967294,29
4294967279,574
4294967279,531
